20260000
31080000
3C047000
3c057FFF
3426000B 
10260005
20260000
00013840
01073820
00E00008
08000010
06000019
08000010
0600001D
08000010
0600001F
08000010 
06000022
08000010
06000023
08000010
06000025
08000010  
06000027
08000010 
00850018
00001012
00001810
03E00008
0085102D
03E00008
3C021000
03E00008
0045002F
03E00008
00440030
03E00008 
00851031
03E00008 
00A41032 
03E00008 
00000000
00000000
00000000
00000000
00000000
00000000
00000000
00000000
00000000
00000000
00000000
00000000
00000000
00000000
00000000
00000000
00000000
00000000
00000000
00000000
00000000
00000000
00000000
00000000
00000000
00000000
00000000
00000000
00000000
00000000
00000000
00000000
00000000
00000000
00000000
00000000
00000000
00000000
00000000
00000000
00000000
00000000
00000000
00000000
00000000
00000000
00000000
00000000
00000000
00000000
00000000
00000000
00000000
00000000
00000000
00000000
00000000
00000000
00000000
00000000
00000000
00000000
00000000
00000000
00000000
00000000
00000000
00000000
00000000
00000000
00000000
00000000
00000000
00000000
00000000
00000000
00000000
00000000
00000000
00000000
00000000
00000000
00000000
00000000
00000000
00000000
00000000